4
5
7
10
6
11
8
9
15
13
12
19
479
16
23
14
25
21
18
24
31
34
53
30
33
28
41
26
54
37
71
42
45
128
57
32
35
51
39
49
56
77
65
66
62
43
58
61
36
40
108
67
955
29
475
70
118
55
59
80
64
81
939
50
102
86
89
88
94
95
50141
159
52
74
1236
98
117
75
78
137
87
627
122
111
145
106
99
115
114
174
150
124
47
741
97
92
1598
123
107
129
82
79
76
180
103
784
69
148
101
405
172
279
260
147
130
109
142
120
160
156
1437
449
313
326
385
141
314
169
136
17
569
27
146
184
127
179
198
1694
190
157
821
579
183
144
187
162
185
277
213
189
63
261
143
182
154
219
149
910
202
196
181
222
338
171
164
740
235
237
438
84
303
90
218
223
192
25715
232
186
151
295
203
201
1368
355
224
309
205
362
462
409
251
216
167
301
206
233
220
292
493
354
300
227
284
217
342
428
811
236
173
450
200
283
165
423
258
119
2652
215
512
1717
885
317
253
161
320
278
197
376
308
959
1245
341
281
363
393
526
1690
209
299
439
276
44
249
718
6960
551
350
498
511
259
239
373
417
330
360
158
519
711
4070
275
244
112
700
411
1855
856
311
356
343
857
7092
358
225
377
139
269
353
241
399
110
293
3553
116
242
454
456
324
191
463
664
367
240
212
396
652
471
444
410
254
1173
310
352
1076
984
132
802
639
1423
6664
339
268
380
553
238
351
372
134
1135
346
228
402
536
1594
247
584
177
291
1267
319
576
655
397
7711
602
126
548
22
683
452
441
524
375
408
437
950
349
442
684
4533
348
465
985
460
416
214
2003
403
2077
3961
636
420
1014
194
368
28087
424
333
340
257
1487
554
285
9226
656
2084
263
794
3072
1021
546
422
492
457
793
760
386
693
304
478
555
431
461
10409
455
155
357
316
477
28200
648
47035
543
489
337
571
593
790
1851
748
600
430
415
842
282
473
1054
604
383
389
447
419
484
1003
507
679
707
596
685
722
429
615
8585
924
204
605
588
562
607
751
506
4401
758
789
818
517
770
549
606
667
323
632
2850
688
504
744
443
24639
642
68
626
583
809
38187
705
3934
799
619
41906
634
298
371
1044
561
18862
400
608
699
671
552
472
2379
728
702
379
999
513
271
2292
566
433
657
334
560
631
697
1059
891
556
485
964
