30447
43672
37835
35761
31835
14434
41006
45169
26077
44363
37161
42314
41653
39061
48425
46546
6248
22770
40914
38864
40092
34043
13433
46707
44316
41313
40242
42096
46962
36147
35584
32685
43975
10476
34921
48020
48297
649
13339
29057
41954
36585
29874
35851
42611
48199
30291
41593
46798
38129
48974
44666
36635
42649
41260
33752
45775
25341
3705
49766
34885
45074
37795
39737
40695
44352
44473
47390
46480
40837
47375
38713
37381
42772
47670
25206
22209
46323
41330
44945
46625
41983
40421
41014
43683
33771
36304
38427
49137
44866
41159
43678
28765
11091
36689
47523
44678
17254
39685
47325
32230
36411
46957
45758
47012
36016
24887
48181
39197
41265
28960
43844
36730
37130
33325
35113
37499
21262
48336
38152
44065
42623
45254
41088
47337
38596
33882
40453
42958
37829
44521
45236
48628
19651
48243
42535
34087
47352
31902
33953
41974
21083
19922
48226
37267
36538
39360
50249
46665
26179
38369
38401
35853
46146
42138
38671
40140
18275
44465
38753
20604
44361
12383
41868
43270
37295
46009
46157
34321
49352
49576
40199
34963
2252
48737
44531
41645
42698
32367
49573
28629
49504
41283
39906
44265
46980
46317
33328
47979
48498
48464
47423
37005
44892
39748
14101
23176
40563
24974
41430
44234
32480
9470
38770
34350
40021
43276
33709
24303
48834
35269
36027
18890
40744
48249
45755
49473
45250
33917
36766
37932
48888
42346
47041
29156
34644
16358
47417
39610
42300
41072
31096
47711
38024
37905
35381
46547
26014
47114
48874
39663
44182
34432
31098
32819
24547
45098
21509
40583
40681
48067
43137
48606
45248
40354
48853
38486
42604
36097
30586
41782
27815
45094
42957
39549
10975
36036
42919
31057
36186
41217
35340
47138
23429
46278
45310
49603
45543
27748
44071
32627
41368
44103
48219
43685
44547
39696
44843
42412
46411
37892
46677
43375
37319
20590
45332
17865
37645
43681
47382
23265
42883
45856
48756
16295
48520
40584
45436
46119
37617
38530
46479
37082
31222
46663
48326
18653
38283
31651
37806
45433
39876
48209
45937
39935
46987
39084
32626
36520
40998
44149
49446
40865
43341
22257
43959
38787
36815
40182
41781
34383
48033
45684
31939
44042
32913
42600
48787
39886
48462
33544
6569
44828
45770
45781
41946
32560
35407
32691
18134
40954
47793
38853
49626
45713
21830
37299
32594
40318
44405
35075
36131
20409
47621
33313
43971
39418
43139
46144
47577
34113
38975
25071
42022
48315
37060
32209
37067
41834
44701
48802
34411
40847
32666
47482
40056
15895
21438
40993
46316
48504
47232
46545
41686
40625
48961
42515
34988
48133
42327
39040
10809
38859
39757
25991
45132
33927
36593
42153
42197
30657
41098
37770
39028
45087
41294
46325
34264
25369
41337
44264
33236
4332
48698
41949
1376
40464
50142
31869
40937
41317
37344
45450
47935
48071
41154
7487
39617
39734
48514
27569
31944
49113
43877
35294
36400
32034
35358
40006
15007
45508
13278
39342
26610
48299
45458
48490
37178
47987
31191
49397
45568
35921
47220
46710
42809
48643
31364
39346
45278
48213
45894
33285
43652
32892
45678
43912
42246
47438
44193
38059
45477
47607
35781
42870
46400
33945
46883
44562
43724
46588
40143
39586
36377
38063
31865
47367
32178
38175
46739
37667
40968
45910
43762
41090
44778
43357
36108
47733
38249
21045
31552
43175
2840
37079
48194
12736
45059
27399
38070
39974
45564
40296
43702
43660
45786
31882
46527
48461
24489
22907
44029
40893
45493
4963
29805
43267
42134
49201
41506
47636
47115
36408
47760
44131
44680
29556
18624
29836
44941
44616
41173
48789
40729
38541
33911
34491
36185
46561
24212
41529
38525
39058
39263
44516
25487
47756
45371
42039
41129
44916
32329
42465
44942
45771
45001
41586
41356
46910
47286
44126
38712
36246
42890
37720
48323
28167
37878
39640
48830
39448
46250
45230
15271
47847
44772
47549
44475
41528
39749
35227
31391
31494
48274
41882
32789
36614
45600
39953
27639
33871
29438
39161
47455
40410
34553
48264
37594
34655
43471
49672
38740
36229
25647
39609
31672
33097
13909
45552
39588
30051
31838
48357
44162
38038
47788
18374
26198
46810
40525
28639
45535
37539
16202
48183
37664
25558
44611
47052
44477
28963
25438
47037
46837
27233
47019
38601
46185
48356
43983
15733
45422
42922
35741
27203
36119
49491
38196
27074
22025
20295
45837
48406
15698
43107
42435
48354
14146
50150
32526
28791
47772
46601
46163
23554
48957
47385
48435
42266
19182
42644
44404
34734
38552
44482
45617
45653
40178
37103
37418
36222
33537
44324
49769
10404
34324
42416
37073
40531
32607
41460
39441
14392
39101
33778
44200
35500
46551
37586
23457
34509
37852
43168
44652
44279
45068
34923
36861
22939
42860
11231
34722
29794
47255
41074
44946
46165
37105
11196
41828
48590
47028
28001
44397
49067
46389
46809
6534
35255
33843
33451
47074
37446
39373
44599
29600
37902
49289
42037
39950
34148
42306
41539
30785
43981
22367
40819
46073
48642
46446
39865
33164
6800
49149
47570
47929
49496
47158
46880
41569
33240
25396
37184
39358
44993
27785
44801
40428
32907
30853
41395
47427
7479
46223
35176
49303
37085
26723
33428
31108
45693
48740
45873
47659
37390
47970
36244
45393
47228
29981
41523
7935
31311
47265
40871
43492
41669
35872
25704
48636
44912
42563
35122
29911
49163
33805
46911
37510
33115
46735
34801
45579
35186
27640
39808
49825
32972
39799
47567
44201
45466
44128
47252
46290
48924
48231
47796
45591
30643
41936
40406
38961
45235
49255
45994
40591
39382
29221
46930
40291
33630
41335
35142
39775
38826
45272
45216
46843
39752
37451
29264
34077
45704
32213
33657
30256
34634
48108
36066
41800
27304
35528
45596
46269
16697
47727
40799
35965
36500
21501
36965
47765
32897
46781
39207
31966
45889
48829
40749
46068
46823
44376
28775
38250
34242
45271
28043
47615
40035
33318
35033
43369
48384
34127
48304
47219
38759
45256
43867
36270
38071
50145
40288
47434
49589
46575
36991
40496
46469
24521
41664
33151
43162
47264
26782
37256
41736
37118
17935
3726
30787
43349
42269
49112
36597
29587
36719
28914
33416
46657
45501
44595
39513
38199
37046
39032
44364
44441
48665
47975
33145
45965
11936
46133
28325
49185
42805
44924
46870
44032
38677
37793
30878
49037
30829
47495
43122
37289
48144
48849
43460
47169
47860
34639
40994
46553
40988
39582
48433
46566
39987
44584
41724
47340
36302
48253
29213
45341
47132
30548
28696
29829
49118
42275
45423
48592
46569
46894
43079
39967
4839
47069
18670
46019
47119
17946
28479
45835
34750
47013
36553
43682
47288
45709
49584
38719
47096
20361
46802
43519
46728
41948
49261
43016
31353
43804
37408
46304
48474
43605
46506
43624
24012
30798
46296
37190
1205
46898
39604
48337
48174
19953
12846
49983
38765
39380
32201
40491
40588
30841
44766
46853
36959
48223
48057
46803
42590
36674
36582
42941
43758
34013
34185
46617
35218
38895
45229
38349
48706
43012
27229
37655
47190
39335
24095
43407
43894
19130
48476
41748
43658
40907
45799
47433
39293
32574
37150
45329
45554
37811
43654
49490
46909
48338
13864
43504
40956
19792
48152
20379
45833
35653
35443
46716
48573
36254
48723
48191
36786
42129
47916
46912
41683
45401
42887
22694
47667
36034
24573
45951
31095
43388
39761
29782
43821
46001
40020
17885
45766
43626
45882
17772
1555
43720
32838
46264
42392
15550
42566
5563
37640
38221
46143
38217
44041
30422
39917
32740
41757
38512
24925
40299
47810
25212
44082
47998
48259
48484
45629
42249
23513
36751
40547
29632
39312
43251
36331
46990
47754
29069
39890
47757
34533
47055
13661
42075
35426
41251
40040
40598
48980
44998
38893
16018
41665
45767
26705
38173
46280
31954
41177
44931
33287
47211
46907
41825
46920
37212
38919
46756
45555
37347
48892
48446
34706
47622
47152
32498
47226
45374
48169
27434
25119
34449
31490
33741
46353
31151
48869
32814
45269
45196
43972
46825
48843
40540
20966
27079
33290
31358
36972
45556
49198
29356
43757
45042
41708
39820
48267
37742
47875
20901
32809
41893
46116
34359
26134
35862
49200
40717
39629
41370
47991
37839
49170
48014
48025
47951
23528
37955
48966
41476
36347
44267
49716
44072
42898
46934
29617
43205
45853
45404
41256
35410
40507
36767
13150
40162
43474
18195
46941
33647
40967
27594
47331
30993
9957
44239
30890
47291
46366
41663
37548
40903
43059
27989
30950
47118
43677
44323
45276
40366
33399
45113
45774
47684
47171
38345
6230
35656
30819
42157
44763
32747
45559
46966
47841
31032
41480
48507
33397
44179
46681
34715
38960
38351
48206
43690
48238
46321
38426
15785
31619
49579
45160
34392
47914
26916
44761
27044
23920
33585
41853
34309
33342
35300
43490
44133
36247
35225
26511
45930
24399
38228
41484
46405
49276
39512
35740
39159
29024
29434
29720
27930
48202
45174
30550
34501
39570
31878
35727
35243
46631
26437
38944
40609
38958
40664
47912
578
33140
47820
30168
39864
27069
46521
38830
44965
42407
49106
11725
41734
47880
43606
39540
41146
48335
43085
18174
36765
6660
43962
45378
43700
48052
36951
30205
26758
37480
9264
40444
43065
46646
35341
38518
38588
47281
33090
37771
33506
48333
45979
45623
9085
27222
36711
42744
43801
45742
48715
43478
41632
27703
41353
33075
31396
42657
31394
39898
47432
35350
29274
47708
38028
16707
38578
37263
41127
31060
13361
38722
48344
36921
46082
32206
47741
46775
23643
34864
36874
34946
23603
40996
36700
48597
45204
33461
43305
33556
35661
32992
34973
40116
30980
48960
44225
37529
48312
45264
35343
30017
40385
47334
25034
49492
47310
38015
42972
48374
33009
30583
45116
36867
32007
48486
39913
36332
45003
42304
48172
26168
43344
18441
44775
26699
49027
44633
39147
25621
8887
47582
44183
38037
33031
42704
48671
44825
38599
3070
39259
38903
41287
45934
44943
37457
43924
44418
45325
30723
31669
33165
31582
21593
14292
43728
12345
43233
42194
30106
45358
36999
33900
28697
47905
30846
46637
40355
39885
36434
33127
49498
45016
47480
6163
29387
46753
42760
43009
33623
41197
34735
49041
47185
41566
18372
43906
44913
44197
33549
33864
31189
48027
44995
36859
34815
47270
47976
45337
42097
42213
43202
34483
46005
46303
32624
46820
41057
32148
31125
34705
33370
39071
40273
27596
45495
33469
46380
48075
31446
43064
44479
45912
44447
4599
37409
34932
29180
40218
38581
44370
31399
46324
39109
36885
14468
45122
26948
41785
46217
47097
48111
30781
43871
46867
38151
37092
47155
34981
39614
23812
31330
24554
40027
32494
37570
36534
43564
42514
47862
41977
31620
40909
44312
38500
48138
46767
21284
41628
40634
16078
39266
41673
40760
41536
39795
33564
24818
41134
34024
39628
27577
48453
43353
44460
38546
15030
47218
25942
42326
43576
20406
44053
40995
38730
41165
49607
48806
19002
34699
36485
47547
40572
32360
44066
43886
45792
45194
40503
39802
36651
46041
40669
44116
27819
35534
47392
47370
44851
43281
40965
48154
36814
28838
44645
28594
49211
25346
41531
40202
45333
29605
50143
47829
29857
35818
43775
42146
43756
39431
48166
42513
37293
46795
46764
27623
42531
47732
44953
47543
47893
45451
36782
20890
44328
47944
44970
40637
29293
11423
42789
31551
39508
49266
36430
29238
16953
47034
42619
40473
39194
43058
48359
34496
34078
40867
34758
37895
40467
33577
43159
39785
46936
42973
32385
42310
39637
37401
45180
46536
44022
44235
35762
47854
47411
44980
47993
8488
47747
36601
37410
33042
48544
34200
30867
49265
47277
45570
15050
44288
33998
44079
45387
47304
46605
14258
38139
40899
41783
47295
47774
35545
46675
45432
32042
27659
44491
40301
47033
39765
47063
41402
31261
19688
34088
38714
44005
36950
41866
48600
39899
37064
10381
46904
44017
43048
18697
43149
39138
21622
47981
33205
44063
36901
44156
34240
48631
49297
38413
37585
11665
18297
41405
47777
11548
36389
26781
33395
37324
47928
35990
45964
47299
43237
29241
29432
30137
48746
37077
44796
44306
44505
49786
40574
30756
32801
10965
47853
34211
43246
38565
10031
35915
45832
46757
36647
46918
46701
31639
45530
13631
28222
26255
34920
38645
47163
42029
39196
48408
41656
43099
43594
49407
43103
46644
30727
37792
42751
46225
42148
32832
30233
43287
37534
30298
8174
45897
34539
47601
41408
43220
18456
45872
47095
33952
37758
43515
47713
37476
31993
12799
40991
43761
34246
37754
45886
43943
30959
45156
46018
42256
36068
34025
47827
23962
38146
48797
20825
33339
43486
49315
40573
43448
33352
43639
43692
47902
23588
37315
46492
46361
44732
10172
48306
36227
47591
41985
47160
43337
45962
23988
44907
37568
36756
38144
36704
46531
41851
25573
40655
40535
44594
19586
43075
33940
46959
44947
47699
40157
40200
39152
29271
40126
42117
40379
42881
25974
47199
47924
24640
24837
37837
41091
37338
39300
32315
41841
16085
38979
38871
28769
44001
38889
43667
47038
42265
37846
43263
29698
46723
35178
28030
44295
45576
48682
45130
46792
40233
48780
48161
45656
42202
34365
39522
44700
39366
45851
46847
45187
38504
39193
47306
48371
22485
29671
36738
48276
46616
45917
36678
37901
41791
46528
15611
40528
33486
36226
12258
35993
43443
41804
49125
41894
43708
47934
39551
44808
43744
41426
43870
49015
40654
42507
21230
40673
43951
20754
41242
39413
49560
38174
16465
44960
40010
35414
42495
32493
45815
41717
21416
48993
49362
26070
44480
46253
41456
38969
18474
40174
25411
48923
25927
39739
22368
46895
45328
38405
45283
43726
39909
43165
48452
30442
40364
47007
37368
23671
43437
48768
47345
46459
44650
38235
44486
40873
14217
32407
46596
39265
38183
39280
47635
41945
24535
36566
48114
43916
31550
47346
40165
29248
13803
41940
43900
45931
38717
38878
26731
20889
42287
33148
43580
45601
45776
49618
43547
47707
38471
39964
41575
46743
47359
44688
36643
46954
47497
44822
48350
14333
44459
33225
37708
36612
30401
44582
43763
46724
48331
43941
46039
44006
45007
28789
45421
47429
42934
28503
42896
48621
39715
44302
40286
47324
41454
40913
48458
37930
19069
45694
37139
47369
42579
44713
40663
42541
45211
32011
44172
46621
41611
43935
47505
30590
26285
44467
33390
48910
42622
33035
47769
41803
37440
40808
47942
43621
41787
45749
20186
47660
48580
39352
39742
43921
48649
41409
44259
47696
35559
28749
33721
46424
32130
42832
48499
32945
32834
46111
32072
45246
40554
39732
47716
45740
29913
15375
39102
34398
49545
24992
36151
45517
39574
41937
30529
42648
47016
43651
39831
46533
34781
18400
32869
49569
8166
29362
45753
36120
41424
49566
35537
46902
40935
43796
48783
45492
39859
47632
32303
31866
43805
37543
6561
40452
36098
48833
32036
39491
44187
35705
49355
39688
42475
35513
38097
40918
36380
46017
42936
39907
46046
46876
45674
45140
39345
15078
45420
35392
39844
46993
43833
43797
44130
28994
45304
38749
45728
36857
35503
30577
37709
39835
45218
43391
50188
47524
23323
40082
23549
44233
42593
47039
40635
33058
33419
37202
21467
24135
46538
47536
29545
47879
21611
40734
38163
31826
45279
37307
38704
42581
31994
27740
46367
34736
43350
40618
36348
3802
45573
20537
42835
16243
47110
40853
34682
36210
35848
45171
48239
42624
43392
40709
30103
29764
48066
41202
37175
29137
40976
37204
21429
31698
35092
40690
28020
47229
33819
35296
40390
44278
38914
44755
28767
41228
45896
38879
27779
40759
40125
47753
39245
46267
47830
39593
43003
46409
33490
26141
42824
44129
18537
39172
30022
41517
48300
44679
42947
24337
13470
13953
44380
49049
31163
42442
37469
44433
45307
40548
37646
29064
47888
36075
41518
26562
42940
38857
37678
48427
40569
42255
41258
44313
35569
43118
45369
40226
46886
46488
35427
46336
37810
49089
48340
47491
41028
48824
45439
40902
36588
39337
29190
42125
45794
45406
37517
31618
34900
45376
39879
46938
34569
42705
28558
31207
46282
44025
33768
40904
46623
28186
47634
46363
46504
38502
43773
38779
46515
47693
44821
49109
45261
10659
45253
24990
30934
35504
25906
47238
26487
33496
40065
48158
43851
38554
39113
32532
45033
45595
48822
47803
39693
40761
48256
48163
29997
32086
37131
30069
19246
37373
39015
44769
42651
43439
46487
48360
21875
40685
31140
45537
47486
41414
38414
48661
44294
43002
43420
41493
48870
48875
42523
38785
36285
49301
46261
47673
27354
45700
37412
46183
47743
32865
41821
36621
38947
34838
28578
42467
33729
38641
46051
43892
48009
43978
47170
30330
34097
45022
23628
21394
46850
33787
47366
35170
32068
38418
40043
46035
14005
38315
42753
39738
47224
45365
31907
34071
42065
35322
45043
37278
48848
32299
48666
40149
37631
41879
37817
37736
46098
38218
44231
18164
43860
39123
47245
40631
47739
47589
23388
46246
43768
42715
43215
36013
48586
48748
40508
44727
40757
41398
28323
39155
45031
40386
45761
40558
39218
35620
46208
46622
38613
46382
39809
45992
36037
48478
38222
44612
41806
15342
44563
15786
47663
49772
44199
45426
38992
45751
21277
43938
43313
48292
45322
31179
16844
49528
43488
40908
41271
42993
43516
46318
47554
48099
42411
35321
21887
30237
43897
43788
50117
49669
48633
45029
34825
34700
28971
39970
31545
38590
43820
41379
24987
42208
41474
44777
45677
28949
39134
43781
48389
46212
38149
42645
34717
39186
49572
41930
42066
46127
19689
39565
47846
48632
46899
35077
47393
38700
30224
19856
33257
38049
21529
35992
48547
32575
37008
30295
48762
40203
20083
43754
38781
42561
39125
41525
43876
25966
33220
44896
30193
31118
26670
25730
45940
44626
37305
45244
49202
40235
42854
46151
47540
44899
45824
48639
44249
37883
35314
42100
43506
32488
41682
44850
23274
40194
49410
40023
38705
47737
44880
46695
36305
39782
46381
38304
29333
40091
40577
46557
34249
45622
37983
40890
49375
47502
44832
45084
12605
49001
30125
47125
48165
48309
22237
47271
41993
43007
45922
45048
49899
46404
43631
12087
36165
47761
44500
46787
41119
14810
44384
48889
48345
46224
39559
43255
2023
37763
26330
33284
49176
13635
44493
47978
44024
45320
43837
29477
26174
44256
48004
38917
28292
33195
31877
43530
36632
26075
48764
41268
21764
48084
37940
41420
35510
39497
36350
37952
30742
37665
33418
44400
46372
12905
46329
32006
28233
32802
31171
43611
43278
37404
29185
41752
37398
42959
9357
45467
44453
32689
37889
39596
38618
46105
44601
34370
45722
24897
35067
45308
47688
37455
38434
25758
47822
31402
38238
34575
28870
21594
11524
39957
24864
43964
38080
37311
19998
43359
43698
47818
38138
39240
33736
9313
39677
41987
36091
36101
47231
35708
31390
36903
37915
38203
47794
48469
46364
39221
32154
38838
7804
49372
42865
28195
47845
16998
38035
38579
40892
48415
48681
47682
33548
41212
42914
37194
47051
39929
41485
43554
46992
11463
48876
43751
40727
39001
40294
31352
26536
31731
45009
44839
30181
23474
36447
44783
43000
41137
28823
47705
36366
38468
14671
37239
45648
35941
45750
43976
40338
41221
47116
47404
47422
49025
44961
41754
21383
45063
36592
41817
31753
47195
4397
29578
37971
41823
36278
42637
47974
46081
41239
48634
45697
48872
38442
40144
23133
48387
40001
31916
42679
37561
28621
42994
41428
33524
31688
24419
25378
41873
45546
6382
36178
44877
27272
35633
3789
31995
46940
39510
48598
40077
42690
862
48153
37832
36720
46194
46216
39691
43733
5235
43404
36386
42502
32067
46254
36461
46398
44852
33783
48726
41383
43303
18231
42808
17523
41776
49177
44262
39517
17490
45447
36917
28695
42356
30152
43258
40189
42564
32018
38453
35155
26828
36519
43636
42877
4236
43676
41433
29949
30703
48858
38620
45797
39157
44654
45326
44021
49199
45661
39216
44591
29770
26912
37871
40793
45624
48288
45803
47196
45183
12686
43954
34866
46485
48622
39432
34407
49239
44276
40457
36440
46464
39647
44424
37199
28517
38955
45789
48130
48882
48614
47149
36018
48131
38999
39398
42752
48921
42017
36804
44023
44125
42141
39415
40983
29047
40003
40576
35706
47154
49053
45455
21227
45444
25083
46362
38302
15483
47770
44997
49999
47812
37579
5782
40067
47336
20290
49012
11840
33436
49414
33646
38280
49046
43167
37399
25350
38078
41073
28944
45064
24198
33866
33070
39467
26633
42082
35261
27415
47182
34640
44878
34999
1347
41448
33253
13373
46584
43236
31897
42801
35980
39062
13445
18783
21193
35629
47251
48594
46077
47073
27747
47706
36688
48272
42053
38353
44499
41774
33841
48416
27254
30111
44926
15681
49857
12515
40714
49367
43245
8384
47904
31781
37475
46430
30285
34964
40402
48574
46284
32901
38298
45560
38888
33904
42532
30110
37117
42829
36607
46727
33314
46780
47489
45228
45357
39605
44816
40951
45260
32338
35337
45658
21005
45927
41505
48954
39755
47067
43332
41464
45858
47449
22176
48795
44885
24659
44635
49011
38964
7606
41552
43178
45486
45267
42156
27781
44243
46563
48419
38949
50144
39327
45565
43442
8716
38514
46232
30482
43641
39977
32273
45716
45938
38324
37524
39537
42253
42072
42902
44904
34036
45513
34852
41923
27062
34414
35784
48286
42700
31648
32925
37874
42019
38694
47865
43203
43718
42193
36871
39379
43069
33467
23555
43074
41509
37988
10474
29291
41117
29127
46384
41667
37106
46227
38746
38545
42706
33111
34199
33483
43587
43577
43127
40997
27282
39094
27438
34502
38892
16599
39526
39507
46428
43671
48314
39458
40981
44658
32062
34484
46478
46497
39839
38761
44629
31779
44901
838
46808
39301
24107
43591
36616
44496
30992
38155
44702
47365
35940
36605
39850
35270
39401
42104
45241
46889
37217
49594
44918
43228
39505
46152
2469
32760
45756
47668
39930
48372
21161
38715
45363
32376
33985
39660
18429
32798
24829
46124
43859
27351
44787
45587
43521
40363
36819
49006
46368
47884
43769
40156
45845
17998
48624
32709
37696
26373
36691
46613
41711
46560
46799
29749
42161
36022
19421
44428
47386
47258
30730
44168
21154
44556
45114
46286
37393
36159
43599
37249
35051
44978
47280
43467
48725
49253
37515
46978
38670
49207
21060
26068
32088
45863
47061
42810
41401
14649
40804
46666
41126
49167
8061
47323
40073
47234
45809
24439
36754
41455
15328
47263
35056
47191
47946
37743
45017
37086
40470
36611
20024
39299
40781
22408
10278
46754
42112
46134
39575
44430
38577
38020
33514
34433
41643
42894
49357
37402
41732
32888
34454
37413
47813
43396
36122
47467
46580
48228
30083
24924
